<?xml version="1.0" encoding="utf-8"?>
<COLLADA xmlns="http://www.collada.org/2005/11/COLLADASchema" version="1.4.1">
  <asset><contributor><author></author><authoring_tool>FBX COLLADA exporter</authoring_tool><comments></comments></contributor><created>2023-02-25T14:04:17Z</created><keywords></keywords><modified>2023-02-25T14:04:17Z</modified><revision></revision><subject></subject><title></title><unit meter="0.010000" name="centimeter"></unit><up_axis>Y_UP</up_axis></asset>
  <library_animations>
    <animation id="Armature.003-anim" name="Armature.003"><animation><source id="Armature.003-Matrix-animation-input"><float_array id="Armature.003-Matrix-animation-input-array" count="30">

0.000000 0.033333 0.066667 0.100000 0.133333 0.166667 0.200000 0.233333 0.266667 0.300000 0.333333 0.366667 0.400000 0.433333 0.466667 0.500000
0.533333 0.566667 0.600000 0.633333 0.666667 0.700000 0.733333 0.766667 0.800000 0.833333 0.866667 0.900000 0.933333 0.966667</float_array><technique_common><accessor source="#Armature.003-Matrix-animation-input-array" count="30"><param name="TIME" type="float"/></accessor></technique_common></source><source id="Armature.003-Matrix-animation-output-transform"><float_array id="Armature.003-Matrix-animation-output-transform-array" count="480">

0.010000 -0.000000 -0.000000 0.000000 0.000000 0.000000 0.010000 0.000000 -0.000000 -0.010000 0.000000 0.000000 0.000000 0.000000 0.000000 1.000000
0.010000 -0.000000 -0.000000 0.000000 0.000000 0.000000 0.010000 0.000000 -0.000000 -0.010000 0.000000 0.000000 0.000000 0.000000 0.000000 1.000000
0.010000 -0.000000 -0.000000 0.000000 0.000000 0.000000 0.010000 0.000000 -0.000000 -0.010000 0.000000 0.000000 0.000000 0.000000 0.000000 1.000000
0.010000 -0.000000 -0.000000 0.000000 0.000000 0.000000 0.010000 0.000000 -0.000000 -0.010000 0.000000 0.000000 0.000000 0.000000 0.000000 1.000000
0.010000 -0.000000 -0.000000 0.000000 0.000000 0.000000 0.010000 0.000000 -0.000000 -0.010000 0.000000 0.000000 0.000000 0.000000 0.000000 1.000000
0.010000 -0.000000 -0.000000 0.000000 0.000000 0.000000 0.010000 0.000000 -0.000000 -0.010000 0.000000 0.000000 0.000000 0.000000 0.000000 1.000000
0.010000 -0.000000 -0.000000 0.000000 0.000000 0.000000 0.010000 0.000000 -0.000000 -0.010000 0.000000 0.000000 0.000000 0.000000 0.000000 1.000000
0.010000 -0.000000 -0.000000 0.000000 0.000000 0.000000 0.010000 0.000000 -0.000000 -0.010000 0.000000 0.000000 0.000000 0.000000 0.000000 1.000000
0.010000 -0.000000 -0.000000 0.000000 0.000000 0.000000 0.010000 0.000000 -0.000000 -0.010000 0.000000 0.000000 0.000000 0.000000 0.000000 1.000000
0.010000 -0.000000 -0.000000 0.000000 0.000000 0.000000 0.010000 0.000000 -0.000000 -0.010000 0.000000 0.000000 0.000000 0.000000 0.000000 1.000000
0.010000 -0.000000 -0.000000 0.000000 0.000000 0.000000 0.010000 0.000000 -0.000000 -0.010000 0.000000 0.000000 0.000000 0.000000 0.000000 1.000000
0.010000 -0.000000 -0.000000 0.000000 0.000000 0.000000 0.010000 0.000000 -0.000000 -0.010000 0.000000 0.000000 0.000000 0.000000 0.000000 1.000000
0.010000 -0.000000 -0.000000 0.000000 0.000000 0.000000 0.010000 0.000000 -0.000000 -0.010000 0.000000 0.000000 0.000000 0.000000 0.000000 1.000000
0.010000 -0.000000 -0.000000 0.000000 0.000000 0.000000 0.010000 0.000000 -0.000000 -0.010000 0.000000 0.000000 0.000000 0.000000 0.000000 1.000000
0.010000 -0.000000 -0.000000 0.000000 0.000000 0.000000 0.010000 0.000000 -0.000000 -0.010000 0.000000 0.000000 0.000000 0.000000 0.000000 1.000000
0.010000 -0.000000 -0.000000 0.000000 0.000000 0.000000 0.010000 0.000000 -0.000000 -0.010000 0.000000 0.000000 0.000000 0.000000 0.000000 1.000000
0.010000 -0.000000 -0.000000 0.000000 0.000000 0.000000 0.010000 0.000000 -0.000000 -0.010000 0.000000 0.000000 0.000000 0.000000 0.000000 1.000000
0.010000 -0.000000 -0.000000 0.000000 0.000000 0.000000 0.010000 0.000000 -0.000000 -0.010000 0.000000 0.000000 0.000000 0.000000 0.000000 1.000000
0.010000 -0.000000 -0.000000 0.000000 0.000000 0.000000 0.010000 0.000000 -0.000000 -0.010000 0.000000 0.000000 0.000000 0.000000 0.000000 1.000000
0.010000 -0.000000 -0.000000 0.000000 0.000000 0.000000 0.010000 0.000000 -0.000000 -0.010000 0.000000 0.000000 0.000000 0.000000 0.000000 1.000000
0.010000 -0.000000 -0.000000 0.000000 0.000000 0.000000 0.010000 0.000000 -0.000000 -0.010000 0.000000 0.000000 0.000000 0.000000 0.000000 1.000000
0.010000 -0.000000 -0.000000 0.000000 0.000000 0.000000 0.010000 0.000000 -0.000000 -0.010000 0.000000 0.000000 0.000000 0.000000 0.000000 1.000000
0.010000 -0.000000 -0.000000 0.000000 0.000000 0.000000 0.010000 0.000000 -0.000000 -0.010000 0.000000 0.000000 0.000000 0.000000 0.000000 1.000000
0.010000 -0.000000 -0.000000 0.000000 0.000000 0.000000 0.010000 0.000000 -0.000000 -0.010000 0.000000 0.000000 0.000000 0.000000 0.000000 1.000000
0.010000 -0.000000 -0.000000 0.000000 0.000000 0.000000 0.010000 0.000000 -0.000000 -0.010000 0.000000 0.000000 0.000000 0.000000 0.000000 1.000000
0.010000 -0.000000 -0.000000 0.000000 0.000000 0.000000 0.010000 0.000000 -0.000000 -0.010000 0.000000 0.000000 0.000000 0.000000 0.000000 1.000000
0.010000 -0.000000 -0.000000 0.000000 0.000000 0.000000 0.010000 0.000000 -0.000000 -0.010000 0.000000 0.000000 0.000000 0.000000 0.000000 1.000000
0.010000 -0.000000 -0.000000 0.000000 0.000000 0.000000 0.010000 0.000000 -0.000000 -0.010000 0.000000 0.000000 0.000000 0.000000 0.000000 1.000000
0.010000 -0.000000 -0.000000 0.000000 0.000000 0.000000 0.010000 0.000000 -0.000000 -0.010000 0.000000 0.000000 0.000000 0.000000 0.000000 1.000000
0.010000 -0.000000 -0.000000 0.000000 0.000000 0.000000 0.010000 0.000000 -0.000000 -0.010000 0.000000 0.000000 0.000000 0.000000 0.000000 1.000000</float_array><technique_common><accessor source="#Armature.003-Matrix-animation-output-transform-array" count="30" stride="16"><param type="float4x4"/></accessor></technique_common></source><source id="Armature.003-Interpolations"><Name_array id="Armature.003-Interpolations-array" count="30">
 LINEAR LINEAR LINEAR LINEAR LINEAR LINEAR LINEAR LINEAR LINEAR LINEAR LINEAR
LINEAR LINEAR LINEAR LINEAR LINEAR LINEAR LINEAR LINEAR LINEAR LINEAR LINEAR LINEAR
LINEAR LINEAR LINEAR LINEAR LINEAR LINEAR LINEAR</Name_array><technique_common><accessor source="#Armature.003-Interpolations-array" count="30"><param type="name"/></accessor></technique_common></source><sampler id="Armature.003-Matrix-animation-transform"><input semantic="INPUT" source="#Armature.003-Matrix-animation-input"/><input semantic="OUTPUT" source="#Armature.003-Matrix-animation-output-transform"/><input semantic="INTERPOLATION" source="#Armature.003-Interpolations"/></sampler><channel source="#Armature.003-Matrix-animation-transform" target="Armature.003/matrix"/></animation></animation>
    <animation id="jnt_barrel-anim" name="jnt_barrel"><animation><source id="jnt_barrel-Matrix-animation-input"><float_array id="jnt_barrel-Matrix-animation-input-array" count="30">

0.000000 0.033333 0.066667 0.100000 0.133333 0.166667 0.200000 0.233333 0.266667 0.300000 0.333333 0.366667 0.400000 0.433333 0.466667 0.500000
0.533333 0.566667 0.600000 0.633333 0.666667 0.700000 0.733333 0.766667 0.800000 0.833333 0.866667 0.900000 0.933333 0.966667</float_array><technique_common><accessor source="#jnt_barrel-Matrix-animation-input-array" count="30"><param name="TIME" type="float"/></accessor></technique_common></source><source id="jnt_barrel-Matrix-animation-output-transform"><float_array id="jnt_barrel-Matrix-animation-output-transform-array" count="480">

1.000000 0.000000 0.000000 0.002226 0.000000 1.000000 -0.000001 0.790037 -0.000000 0.000001 1.000000 3.069480 0.000000 0.000000 0.000000 1.000000
0.979999 -0.199004 0.000000 0.002226 0.199004 0.979999 -0.000001 0.790037 -0.000000 0.000001 1.000000 3.069480 0.000000 0.000000 0.000000 1.000000
0.920083 -0.391723 0.000001 0.002226 0.391723 0.920083 -0.000001 0.790037 -0.000000 0.000001 1.000000 3.069480 0.000000 0.000000 0.000000 1.000000
0.820964 -0.570980 0.000001 0.002226 0.570980 0.820964 -0.000001 0.790037 -0.000000 0.000001 1.000000 3.069480 0.000000 0.000000 0.000000 1.000000
0.684771 -0.728759 0.000001 0.002226 0.728759 0.684771 -0.000001 0.790037 -0.000000 0.000001 1.000000 3.069480 0.000000 0.000000 0.000000 1.000000
0.515759 -0.856734 0.000001 0.002226 0.856734 0.515759 -0.000000 0.790038 -0.000000 0.000001 1.000000 3.069480 0.000000 0.000000 0.000000 1.000000
0.320712 -0.947177 0.000001 0.002226 0.947177 0.320712 -0.000000 0.790038 -0.000000 0.000001 1.000000 3.069480 0.000000 0.000000 0.000000 1.000000
0.108846 -0.994059 0.000001 0.002226 0.994059 0.108846 0.000000 0.790038 -0.000000 0.000001 1.000000 3.069480 0.000000 0.000000 0.000000 1.000000
-0.108844 -0.994059 0.000001 0.002226 0.994059 -0.108844 0.000000 0.790038 -0.000000 0.000001 1.000000 3.069480 0.000000 0.000000 0.000000 1.000000
-0.320711 -0.947177 0.000001 0.002226 0.947177 -0.320711 0.000001 0.790038 -0.000000 0.000001 1.000000 3.069480 0.000000 0.000000 0.000000 1.000000
-0.515758 -0.856734 0.000001 0.002226 0.856734 -0.515758 0.000001 0.790038 -0.000000 0.000001 1.000000 3.069480 0.000000 0.000000 0.000000 1.000000
-0.684770 -0.728759 0.000001 0.002226 0.728759 -0.684770 0.000001 0.790038 -0.000000 0.000002 1.000000 3.069480 0.000000 0.000000 0.000000 1.000000
-0.820963 -0.570981 0.000001 0.002226 0.570981 -0.820963 0.000001 0.790038 -0.000000 0.000002 1.000000 3.069480 0.000000 0.000000 0.000000 1.000000
-0.920083 -0.391723 0.000001 0.002226 0.391723 -0.920083 0.000001 0.790038 -0.000000 0.000002 1.000000 3.069480 0.000000 0.000000 0.000000 1.000000
-0.979998 -0.199004 0.000000 0.002226 0.199004 -0.979998 0.000002 0.790038 -0.000000 0.000002 1.000000 3.069480 0.000000 0.000000 0.000000 1.000000
-1.000000 -0.000000 0.000000 0.002226 0.000000 -1.000000 0.000002 0.790038 -0.000000 0.000002 1.000000 3.069480 0.000000 0.000000 0.000000 1.000000
-0.979998 0.199004 -0.000000 0.002226 -0.199004 -0.979998 0.000002 0.790038 0.000000 0.000002 1.000000 3.069480 0.000000 0.000000 0.000000 1.000000
-0.920083 0.391723 -0.000000 0.002226 -0.391723 -0.920083 0.000002 0.790038 0.000000 0.000002 1.000000 3.069480 0.000000 0.000000 0.000000 1.000000
-0.820963 0.570980 -0.000001 0.002226 -0.570980 -0.820963 0.000001 0.790038 0.000000 0.000002 1.000000 3.069480 0.000000 0.000000 0.000000 1.000000
-0.684771 0.728759 -0.000001 0.002226 -0.728759 -0.684771 0.000001 0.790038 0.000000 0.000002 1.000000 3.069480 0.000000 0.000000 0.000000 1.000000
-0.515759 0.856734 -0.000001 0.002226 -0.856734 -0.515759 0.000001 0.790038 0.000000 0.000001 1.000000 3.069480 0.000000 0.000000 0.000000 1.000000
-0.320712 0.947177 -0.000001 0.002226 -0.947177 -0.320712 0.000001 0.790038 0.000000 0.000001 1.000000 3.069480 0.000000 0.000000 0.000000 1.000000
-0.108845 0.994059 -0.000001 0.002226 -0.994059 -0.108845 0.000000 0.790038 0.000000 0.000001 1.000000 3.069480 0.000000 0.000000 0.000000 1.000000
0.108844 0.994059 -0.000001 0.002226 -0.994059 0.108844 0.000000 0.790038 0.000000 0.000001 1.000000 3.069480 0.000000 0.000000 0.000000 1.000000
0.320711 0.947177 -0.000001 0.002226 -0.947177 0.320711 -0.000000 0.790038 0.000000 0.000001 1.000000 3.069480 0.000000 0.000000 0.000000 1.000000
0.515758 0.856734 -0.000001 0.002226 -0.856734 0.515758 -0.000000 0.790038 0.000000 0.000001 1.000000 3.069480 0.000000 0.000000 0.000000 1.000000
0.684770 0.728760 -0.000001 0.002226 -0.728760 0.684770 -0.000001 0.790038 0.000000 0.000001 1.000000 3.069480 0.000000 0.000000 0.000000 1.000000
0.820963 0.570981 -0.000001 0.002226 -0.570981 0.820963 -0.000001 0.790038 0.000000 0.000001 1.000000 3.069480 0.000000 0.000000 0.000000 1.000000
0.920083 0.391723 -0.000000 0.002226 -0.391723 0.920083 -0.000001 0.790038 0.000000 0.000001 1.000000 3.069480 0.000000 0.000000 0.000000 1.000000
0.979999 0.199004 -0.000000 0.002226 -0.199004 0.979999 -0.000001 0.790038 0.000000 0.000001 1.000000 3.069480 0.000000 0.000000 0.000000 1.000000</float_array><technique_common><accessor source="#jnt_barrel-Matrix-animation-output-transform-array" count="30" stride="16"><param type="float4x4"/></accessor></technique_common></source><source id="jnt_barrel-Interpolations"><Name_array id="jnt_barrel-Interpolations-array" count="30">
 LINEAR LINEAR LINEAR LINEAR LINEAR LINEAR LINEAR LINEAR LINEAR LINEAR LINEAR
LINEAR LINEAR LINEAR LINEAR LINEAR LINEAR LINEAR LINEAR LINEAR LINEAR LINEAR LINEAR
LINEAR LINEAR LINEAR LINEAR LINEAR LINEAR LINEAR</Name_array><technique_common><accessor source="#jnt_barrel-Interpolations-array" count="30"><param type="name"/></accessor></technique_common></source><sampler id="jnt_barrel-Matrix-animation-transform"><input semantic="INPUT" source="#jnt_barrel-Matrix-animation-input"/><input semantic="OUTPUT" source="#jnt_barrel-Matrix-animation-output-transform"/><input semantic="INTERPOLATION" source="#jnt_barrel-Interpolations"/></sampler><channel source="#jnt_barrel-Matrix-animation-transform" target="jnt_barrel/matrix"/></animation></animation>
    <animation id="jnt_spring-anim" name="jnt_spring"><animation><source id="jnt_spring-Matrix-animation-input"><float_array id="jnt_spring-Matrix-animation-input-array" count="30">

0.000000 0.033333 0.066667 0.100000 0.133333 0.166667 0.200000 0.233333 0.266667 0.300000 0.333333 0.366667 0.400000 0.433333 0.466667 0.500000
0.533333 0.566667 0.600000 0.633333 0.666667 0.700000 0.733333 0.766667 0.800000 0.833333 0.866667 0.900000 0.933333 0.966667</float_array><technique_common><accessor source="#jnt_spring-Matrix-animation-input-array" count="30"><param name="TIME" type="float"/></accessor></technique_common></source><source id="jnt_spring-Matrix-animation-output-transform"><float_array id="jnt_spring-Matrix-animation-output-transform-array" count="480">

1.000000 -0.000000 0.000000 -0.000000 0.000000 -0.000002 -1.000000 0.514425 0.000000 1.000000 -0.000002 -0.953648 0.000000 0.000000 0.000000 1.000000
1.000000 -0.000000 0.000000 -0.000000 0.000000 -0.000002 -1.000000 0.514425 0.000000 1.000000 -0.000002 -0.953648 0.000000 0.000000 0.000000 1.000000
1.000000 -0.000000 0.000000 -0.000000 0.000000 -0.000002 -1.000000 0.514425 0.000000 1.000000 -0.000002 -0.953647 0.000000 0.000000 0.000000 1.000000
1.000000 -0.000000 0.000000 0.000000 0.000000 -0.000002 -1.000000 0.514425 0.000000 1.000000 -0.000002 -0.953648 0.000000 0.000000 0.000000 1.000000
1.000000 -0.000000 0.000000 -0.000000 0.000000 -0.000002 -1.000000 0.514425 0.000000 1.000000 -0.000002 -0.953648 0.000000 0.000000 0.000000 1.000000
1.000000 -0.000000 0.000000 -0.000000 0.000000 -0.000002 -1.000000 0.514425 0.000000 1.000000 -0.000002 -0.953648 0.000000 0.000000 0.000000 1.000000
1.000000 -0.000000 0.000000 0.000000 0.000000 -0.000002 -1.000000 0.514425 0.000000 1.000000 -0.000002 -0.953648 0.000000 0.000000 0.000000 1.000000
1.000000 -0.000000 -0.000000 -0.000000 -0.000000 -0.000002 -1.000000 0.514425 0.000000 1.000000 -0.000002 -0.953647 0.000000 0.000000 0.000000 1.000000
1.000000 -0.000000 0.000000 0.000000 0.000000 -0.000002 -1.000000 0.514425 0.000000 1.000000 -0.000002 -0.953648 0.000000 0.000000 0.000000 1.000000
1.000000 -0.000000 0.000000 0.000000 0.000000 -0.000002 -1.000000 0.514425 0.000000 1.000000 -0.000002 -0.953648 0.000000 0.000000 0.000000 1.000000
1.000000 -0.000000 0.000000 0.000000 0.000000 -0.000002 -1.000000 0.514425 0.000000 1.000000 -0.000002 -0.953648 0.000000 0.000000 0.000000 1.000000
1.000000 -0.000000 0.000000 -0.000000 0.000000 -0.000002 -1.000000 0.514425 0.000000 1.000000 -0.000002 -0.953648 0.000000 0.000000 0.000000 1.000000
1.000000 -0.000000 -0.000000 -0.000000 -0.000000 -0.000002 -1.000000 0.514425 0.000000 1.000000 -0.000002 -0.953648 0.000000 0.000000 0.000000 1.000000
1.000000 -0.000000 0.000000 0.000000 0.000000 -0.000002 -1.000000 0.514425 0.000000 1.000000 -0.000002 -0.953648 0.000000 0.000000 0.000000 1.000000
1.000000 -0.000000 -0.000000 0.000000 -0.000000 -0.000002 -1.000000 0.514425 0.000000 1.000000 -0.000002 -0.953648 0.000000 0.000000 0.000000 1.000000
1.000000 -0.000000 0.000000 0.000000 -0.000000 -0.000002 -1.000000 0.514425 0.000000 1.000000 -0.000002 -0.953648 0.000000 0.000000 0.000000 1.000000
1.000000 0.000000 -0.000000 -0.000000 -0.000000 -0.000002 -1.000000 0.514425 -0.000000 1.000000 -0.000002 -0.953647 0.000000 0.000000 0.000000 1.000000
1.000000 0.000000 -0.000000 -0.000000 -0.000000 -0.000002 -1.000000 0.514425 -0.000000 1.000000 -0.000002 -0.953648 0.000000 0.000000 0.000000 1.000000
1.000000 0.000000 -0.000000 0.000000 -0.000000 -0.000002 -1.000000 0.514425 -0.000000 1.000000 -0.000002 -0.953648 0.000000 0.000000 0.000000 1.000000
1.000000 0.000000 0.000000 -0.000000 0.000000 -0.000002 -1.000000 0.514425 -0.000000 1.000000 -0.000002 -0.953648 0.000000 0.000000 0.000000 1.000000
1.000000 0.000000 -0.000000 -0.000000 -0.000000 -0.000002 -1.000000 0.514425 -0.000000 1.000000 -0.000002 -0.953648 0.000000 0.000000 0.000000 1.000000
1.000000 0.000000 -0.000000 0.000000 -0.000000 -0.000002 -1.000000 0.514425 -0.000000 1.000000 -0.000002 -0.953647 0.000000 0.000000 0.000000 1.000000
1.000000 0.000000 -0.000000 0.000000 -0.000000 -0.000002 -1.000000 0.514425 -0.000000 1.000000 -0.000002 -0.953647 0.000000 0.000000 0.000000 1.000000
1.000000 0.000000 -0.000000 -0.000000 -0.000000 -0.000002 -1.000000 0.514425 -0.000000 1.000000 -0.000002 -0.953648 0.000000 0.000000 0.000000 1.000000
1.000000 0.000000 -0.000000 -0.000000 -0.000000 -0.000002 -1.000000 0.514425 -0.000000 1.000000 -0.000002 -0.953647 0.000000 0.000000 0.000000 1.000000
1.000000 0.000000 -0.000000 0.000000 -0.000000 -0.000002 -1.000000 0.514425 -0.000000 1.000000 -0.000002 -0.953648 0.000000 0.000000 0.000000 1.000000
1.000000 0.000000 -0.000000 -0.000000 -0.000000 -0.000002 -1.000000 0.514425 -0.000000 1.000000 -0.000002 -0.953647 0.000000 0.000000 0.000000 1.000000
1.000000 0.000000 -0.000000 -0.000000 -0.000000 -0.000002 -1.000000 0.514425 -0.000000 1.000000 -0.000002 -0.953648 0.000000 0.000000 0.000000 1.000000
1.000000 0.000000 -0.000000 0.000000 -0.000000 -0.000002 -1.000000 0.514425 -0.000000 1.000000 -0.000002 -0.953648 0.000000 0.000000 0.000000 1.000000
1.000000 0.000000 -0.000000 0.000000 -0.000000 -0.000002 -1.000000 0.514425 -0.000000 1.000000 -0.000002 -0.953648 0.000000 0.000000 0.000000 1.000000</float_array><technique_common><accessor source="#jnt_spring-Matrix-animation-output-transform-array" count="30" stride="16"><param type="float4x4"/></accessor></technique_common></source><source id="jnt_spring-Interpolations"><Name_array id="jnt_spring-Interpolations-array" count="30">
 LINEAR LINEAR LINEAR LINEAR LINEAR LINEAR LINEAR LINEAR LINEAR LINEAR LINEAR
LINEAR LINEAR LINEAR LINEAR LINEAR LINEAR LINEAR LINEAR LINEAR LINEAR LINEAR LINEAR
LINEAR LINEAR LINEAR LINEAR LINEAR LINEAR LINEAR</Name_array><technique_common><accessor source="#jnt_spring-Interpolations-array" count="30"><param type="name"/></accessor></technique_common></source><sampler id="jnt_spring-Matrix-animation-transform"><input semantic="INPUT" source="#jnt_spring-Matrix-animation-input"/><input semantic="OUTPUT" source="#jnt_spring-Matrix-animation-output-transform"/><input semantic="INTERPOLATION" source="#jnt_spring-Interpolations"/></sampler><channel source="#jnt_spring-Matrix-animation-transform" target="jnt_spring/matrix"/></animation></animation>
    <animation id="jnt_drill-anim" name="jnt_drill"><animation><source id="jnt_drill-Matrix-animation-input"><float_array id="jnt_drill-Matrix-animation-input-array" count="30">

0.000000 0.033333 0.066667 0.100000 0.133333 0.166667 0.200000 0.233333 0.266667 0.300000 0.333333 0.366667 0.400000 0.433333 0.466667 0.500000
0.533333 0.566667 0.600000 0.633333 0.666667 0.700000 0.733333 0.766667 0.800000 0.833333 0.866667 0.900000 0.933333 0.966667</float_array><technique_common><accessor source="#jnt_drill-Matrix-animation-input-array" count="30"><param name="TIME" type="float"/></accessor></technique_common></source><source id="jnt_drill-Matrix-animation-output-transform"><float_array id="jnt_drill-Matrix-animation-output-transform-array" count="480">

1.000000 -0.000000 0.000000 -0.000000 0.000000 -0.000001 -1.000000 0.514425 0.000000 1.000000 -0.000001 -0.329023 0.000000 0.000000 0.000000 1.000000
1.000000 -0.000000 0.000000 -0.000000 0.000000 -0.000001 -1.000000 0.514425 0.000000 1.000000 -0.000001 -0.329023 0.000000 0.000000 0.000000 1.000000
1.000000 -0.000000 0.000000 0.000000 0.000000 -0.000001 -1.000000 0.514425 0.000000 1.000000 -0.000001 -0.329023 0.000000 0.000000 0.000000 1.000000
1.000000 -0.000000 0.000000 -0.000000 0.000000 -0.000001 -1.000000 0.514425 0.000000 1.000000 -0.000001 -0.329023 0.000000 0.000000 0.000000 1.000000
1.000000 -0.000000 0.000000 0.000000 0.000000 -0.000001 -1.000000 0.514425 0.000000 1.000000 -0.000001 -0.329023 0.000000 0.000000 0.000000 1.000000
1.000000 -0.000000 0.000000 -0.000000 0.000000 -0.000001 -1.000000 0.514425 0.000000 1.000000 -0.000001 -0.329023 0.000000 0.000000 0.000000 1.000000
1.000000 -0.000000 0.000000 0.000000 0.000000 -0.000001 -1.000000 0.514425 0.000000 1.000000 -0.000001 -0.329023 0.000000 0.000000 0.000000 1.000000
1.000000 -0.000000 -0.000000 -0.000000 -0.000000 -0.000001 -1.000000 0.514425 0.000000 1.000000 -0.000001 -0.329023 0.000000 0.000000 0.000000 1.000000
1.000000 -0.000000 0.000000 0.000000 0.000000 -0.000001 -1.000000 0.514425 0.000000 1.000000 -0.000001 -0.329023 0.000000 0.000000 0.000000 1.000000
1.000000 -0.000000 0.000000 -0.000000 0.000000 -0.000001 -1.000000 0.514425 0.000000 1.000000 -0.000001 -0.329023 0.000000 0.000000 0.000000 1.000000
1.000000 -0.000000 0.000000 0.000000 0.000000 -0.000001 -1.000000 0.514425 0.000000 1.000000 -0.000001 -0.329023 0.000000 0.000000 0.000000 1.000000
1.000000 -0.000000 0.000000 -0.000000 0.000000 -0.000001 -1.000000 0.514425 0.000000 1.000000 -0.000001 -0.329023 0.000000 0.000000 0.000000 1.000000
1.000000 -0.000000 -0.000000 -0.000000 -0.000000 -0.000001 -1.000000 0.514425 0.000000 1.000000 -0.000001 -0.329023 0.000000 0.000000 0.000000 1.000000
1.000000 -0.000000 0.000000 0.000000 0.000000 -0.000001 -1.000000 0.514425 0.000000 1.000000 -0.000001 -0.329023 0.000000 0.000000 0.000000 1.000000
1.000000 -0.000000 -0.000000 -0.000000 -0.000000 -0.000001 -1.000000 0.514425 0.000000 1.000000 -0.000001 -0.329023 0.000000 0.000000 0.000000 1.000000
1.000000 -0.000000 0.000000 0.000000 0.000000 -0.000001 -1.000000 0.514425 0.000000 1.000000 -0.000001 -0.329023 0.000000 0.000000 0.000000 1.000000
1.000000 0.000000 -0.000000 -0.000000 -0.000000 -0.000001 -1.000000 0.514425 -0.000000 1.000000 -0.000001 -0.329023 0.000000 0.000000 0.000000 1.000000
1.000000 0.000000 -0.000000 -0.000000 -0.000000 -0.000001 -1.000000 0.514425 -0.000000 1.000000 -0.000001 -0.329023 0.000000 0.000000 0.000000 1.000000
1.000000 0.000000 -0.000000 0.000000 -0.000000 -0.000001 -1.000000 0.514425 -0.000000 1.000000 -0.000001 -0.329023 0.000000 0.000000 0.000000 1.000000
1.000000 0.000000 0.000000 0.000000 0.000000 -0.000001 -1.000000 0.514425 -0.000000 1.000000 -0.000001 -0.329023 0.000000 0.000000 0.000000 1.000000
1.000000 0.000000 -0.000000 0.000000 -0.000000 -0.000001 -1.000000 0.514425 -0.000000 1.000000 -0.000001 -0.329023 0.000000 0.000000 0.000000 1.000000
1.000000 0.000000 -0.000000 0.000000 -0.000000 -0.000001 -1.000000 0.514425 -0.000000 1.000000 -0.000001 -0.329023 0.000000 0.000000 0.000000 1.000000
1.000000 0.000000 -0.000000 0.000000 -0.000000 -0.000001 -1.000000 0.514425 -0.000000 1.000000 -0.000001 -0.329023 0.000000 0.000000 0.000000 1.000000
1.000000 0.000000 -0.000000 -0.000000 -0.000000 -0.000001 -1.000000 0.514425 -0.000000 1.000000 -0.000001 -0.329023 0.000000 0.000000 0.000000 1.000000
1.000000 0.000000 -0.000000 -0.000000 -0.000000 -0.000001 -1.000000 0.514425 -0.000000 1.000000 -0.000001 -0.329023 0.000000 0.000000 0.000000 1.000000
1.000000 0.000000 -0.000000 0.000000 -0.000000 -0.000001 -1.000000 0.514425 -0.000000 1.000000 -0.000001 -0.329024 0.000000 0.000000 0.000000 1.000000
1.000000 0.000000 -0.000000 -0.000000 -0.000000 -0.000001 -1.000000 0.514425 -0.000000 1.000000 -0.000001 -0.329023 0.000000 0.000000 0.000000 1.000000
1.000000 0.000000 -0.000000 -0.000000 -0.000000 -0.000001 -1.000000 0.514425 -0.000000 1.000000 -0.000001 -0.329023 0.000000 0.000000 0.000000 1.000000
1.000000 0.000000 -0.000000 -0.000000 -0.000000 -0.000001 -1.000000 0.514425 -0.000000 1.000000 -0.000001 -0.329023 0.000000 0.000000 0.000000 1.000000
1.000000 0.000000 -0.000000 -0.000000 -0.000000 -0.000001 -1.000000 0.514425 -0.000000 1.000000 -0.000001 -0.329023 0.000000 0.000000 0.000000 1.000000</float_array><technique_common><accessor source="#jnt_drill-Matrix-animation-output-transform-array" count="30" stride="16"><param type="float4x4"/></accessor></technique_common></source><source id="jnt_drill-Interpolations"><Name_array id="jnt_drill-Interpolations-array" count="30">
 LINEAR LINEAR LINEAR LINEAR LINEAR LINEAR LINEAR LINEAR LINEAR LINEAR LINEAR
LINEAR LINEAR LINEAR LINEAR LINEAR LINEAR LINEAR LINEAR LINEAR LINEAR LINEAR LINEAR
LINEAR LINEAR LINEAR LINEAR LINEAR LINEAR LINEAR</Name_array><technique_common><accessor source="#jnt_drill-Interpolations-array" count="30"><param type="name"/></accessor></technique_common></source><sampler id="jnt_drill-Matrix-animation-transform"><input semantic="INPUT" source="#jnt_drill-Matrix-animation-input"/><input semantic="OUTPUT" source="#jnt_drill-Matrix-animation-output-transform"/><input semantic="INTERPOLATION" source="#jnt_drill-Interpolations"/></sampler><channel source="#jnt_drill-Matrix-animation-transform" target="jnt_drill/matrix"/></animation></animation>
    <animation id="pejnt_barrel-anim" name="pejnt_barrel"><animation><source id="pejnt_barrel-Matrix-animation-input"><float_array id="pejnt_barrel-Matrix-animation-input-array" count="30">

0.000000 0.033333 0.066667 0.100000 0.133333 0.166667 0.200000 0.233333 0.266667 0.300000 0.333333 0.366667 0.400000 0.433333 0.466667 0.500000
0.533333 0.566667 0.600000 0.633333 0.666667 0.700000 0.733333 0.766667 0.800000 0.833333 0.866667 0.900000 0.933333 0.966667</float_array><technique_common><accessor source="#pejnt_barrel-Matrix-animation-input-array" count="30"><param name="TIME" type="float"/></accessor></technique_common></source><source id="pejnt_barrel-Matrix-animation-output-transform"><float_array id="pejnt_barrel-Matrix-animation-output-transform-array" count="480">

1.000000 0.000000 0.000000 0.000000 -0.000000 -0.000001 1.000000 1.357876 0.000000 -1.000000 -0.000001 0.514425 0.000000 0.000000 0.000000 1.000000
1.000000 0.000000 0.000000 -0.000000 -0.000000 -0.000001 1.000000 1.357876 0.000000 -1.000000 -0.000001 0.514425 0.000000 0.000000 0.000000 1.000000
1.000000 -0.000000 0.000000 -0.000000 -0.000000 -0.000001 1.000000 1.357876 -0.000000 -1.000000 -0.000001 0.514425 0.000000 0.000000 0.000000 1.000000
1.000000 0.000000 0.000000 0.000000 -0.000000 -0.000001 1.000000 1.357876 0.000000 -1.000000 -0.000001 0.514424 0.000000 0.000000 0.000000 1.000000
1.000000 0.000000 0.000000 0.000000 -0.000000 -0.000001 1.000000 1.357876 0.000000 -1.000000 -0.000001 0.514424 0.000000 0.000000 0.000000 1.000000
1.000000 -0.000000 0.000000 -0.000000 -0.000000 -0.000001 1.000000 1.357876 -0.000000 -1.000000 -0.000001 0.514425 0.000000 0.000000 0.000000 1.000000
1.000000 -0.000000 0.000000 0.000000 -0.000000 -0.000001 1.000000 1.357876 -0.000000 -1.000000 -0.000001 0.514424 0.000000 0.000000 0.000000 1.000000
1.000000 0.000000 0.000000 -0.000000 -0.000000 -0.000001 1.000000 1.357876 0.000000 -1.000000 -0.000001 0.514424 0.000000 0.000000 0.000000 1.000000
1.000000 0.000000 0.000000 0.000000 -0.000000 -0.000001 1.000000 1.357876 0.000000 -1.000000 -0.000001 0.514425 0.000000 0.000000 0.000000 1.000000
1.000000 0.000000 0.000000 0.000000 -0.000000 -0.000001 1.000000 1.357876 0.000000 -1.000000 -0.000001 0.514425 0.000000 0.000000 0.000000 1.000000
1.000000 0.000000 0.000000 0.000000 -0.000000 -0.000001 1.000000 1.357876 0.000000 -1.000000 -0.000001 0.514425 0.000000 0.000000 0.000000 1.000000
1.000000 -0.000000 0.000000 0.000000 -0.000000 -0.000001 1.000000 1.357876 -0.000000 -1.000000 -0.000001 0.514425 0.000000 0.000000 0.000000 1.000000
1.000000 0.000000 0.000000 -0.000000 -0.000000 -0.000001 1.000000 1.357876 0.000000 -1.000000 -0.000001 0.514424 0.000000 0.000000 0.000000 1.000000
1.000000 0.000000 0.000000 0.000000 -0.000000 -0.000001 1.000000 1.357876 0.000000 -1.000000 -0.000001 0.514425 0.000000 0.000000 0.000000 1.000000
1.000000 0.000000 0.000000 0.000000 -0.000000 -0.000001 1.000000 1.357876 0.000000 -1.000000 -0.000001 0.514425 0.000000 0.000000 0.000000 1.000000
1.000000 0.000000 0.000000 0.000000 -0.000000 -0.000001 1.000000 1.357876 0.000000 -1.000000 -0.000001 0.514425 0.000000 0.000000 0.000000 1.000000
1.000000 -0.000000 -0.000000 -0.000000 0.000000 -0.000001 1.000000 1.357876 -0.000000 -1.000000 -0.000001 0.514425 0.000000 0.000000 0.000000 1.000000
1.000000 -0.000000 -0.000000 -0.000000 0.000000 -0.000001 1.000000 1.357876 -0.000000 -1.000000 -0.000001 0.514425 0.000000 0.000000 0.000000 1.000000
1.000000 0.000000 -0.000000 0.000000 0.000000 -0.000001 1.000000 1.357876 0.000000 -1.000000 -0.000001 0.514424 0.000000 0.000000 0.000000 1.000000
1.000000 0.000000 -0.000000 0.000000 0.000000 -0.000001 1.000000 1.357876 0.000000 -1.000000 -0.000001 0.514424 0.000000 0.000000 0.000000 1.000000
1.000000 -0.000000 -0.000000 -0.000000 0.000000 -0.000001 1.000000 1.357876 -0.000000 -1.000000 -0.000001 0.514425 0.000000 0.000000 0.000000 1.000000
1.000000 -0.000000 -0.000000 -0.000000 0.000000 -0.000001 1.000000 1.357876 -0.000000 -1.000000 -0.000001 0.514424 0.000000 0.000000 0.000000 1.000000
1.000000 -0.000000 -0.000000 -0.000000 0.000000 -0.000001 1.000000 1.357876 -0.000000 -1.000000 -0.000001 0.514425 0.000000 0.000000 0.000000 1.000000
1.000000 -0.000000 -0.000000 0.000000 0.000000 -0.000001 1.000000 1.357876 -0.000000 -1.000000 -0.000001 0.514425 0.000000 0.000000 0.000000 1.000000
1.000000 0.000000 -0.000000 -0.000000 0.000000 -0.000001 1.000000 1.357876 0.000000 -1.000000 -0.000001 0.514425 0.000000 0.000000 0.000000 1.000000
1.000000 0.000000 -0.000000 -0.000000 0.000000 -0.000001 1.000000 1.357876 0.000000 -1.000000 -0.000001 0.514425 0.000000 0.000000 0.000000 1.000000
1.000000 -0.000000 -0.000000 0.000000 0.000000 -0.000001 1.000000 1.357876 -0.000000 -1.000000 -0.000001 0.514424 0.000000 0.000000 0.000000 1.000000
1.000000 -0.000000 -0.000000 -0.000000 0.000000 -0.000001 1.000000 1.357876 -0.000000 -1.000000 -0.000001 0.514425 0.000000 0.000000 0.000000 1.000000
1.000000 0.000000 -0.000000 -0.000000 0.000000 -0.000001 1.000000 1.357876 0.000000 -1.000000 -0.000001 0.514424 0.000000 0.000000 0.000000 1.000000
1.000000 0.000000 -0.000000 0.000000 0.000000 -0.000001 1.000000 1.357876 0.000000 -1.000000 -0.000001 0.514425 0.000000 0.000000 0.000000 1.000000</float_array><technique_common><accessor source="#pejnt_barrel-Matrix-animation-output-transform-array" count="30" stride="16"><param type="float4x4"/></accessor></technique_common></source><source id="pejnt_barrel-Interpolations"><Name_array id="pejnt_barrel-Interpolations-array" count="30">
 LINEAR LINEAR LINEAR LINEAR LINEAR LINEAR LINEAR LINEAR LINEAR LINEAR LINEAR
LINEAR LINEAR LINEAR LINEAR LINEAR LINEAR LINEAR LINEAR LINEAR LINEAR LINEAR LINEAR
LINEAR LINEAR LINEAR LINEAR LINEAR LINEAR LINEAR</Name_array><technique_common><accessor source="#pejnt_barrel-Interpolations-array" count="30"><param type="name"/></accessor></technique_common></source><sampler id="pejnt_barrel-Matrix-animation-transform"><input semantic="INPUT" source="#pejnt_barrel-Matrix-animation-input"/><input semantic="OUTPUT" source="#pejnt_barrel-Matrix-animation-output-transform"/><input semantic="INTERPOLATION" source="#pejnt_barrel-Interpolations"/></sampler><channel source="#pejnt_barrel-Matrix-animation-transform" target="pejnt_barrel/matrix"/></animation></animation>
  </library_animations>
  <library_visual_scenes>
   <visual_scene id="Scene" name="Scene">
     
        <node name="jnt_barrel" id="jnt_barrel" sid="jnt_barrel" type="JOINT">
          <matrix sid="matrix">1.000000 0.000000 0.000000 0.002226 0.000000 1.000000 -0.000001 0.790037 -0.000000 0.000001 1.000000 3.069480 0.000000 0.000000 0.000000 1.000000</matrix>
          <extra>
            <technique profile="FCOLLADA">
              <visibility>1.000000</visibility>
            </technique>
          </extra>
          <node name="jnt_spring" id="jnt_spring" sid="jnt_spring" type="JOINT">
            <matrix sid="matrix">1.000000 -0.000000 0.000000 -0.000000 0.000000 -0.000002 -1.000000 0.514425 0.000000 1.000000 -0.000002 -0.953648 0.000000 0.000000 0.000000 1.000000</matrix>
            <extra>
              <technique profile="FCOLLADA">
                <visibility>1.000000</visibility>
              </technique>
            </extra>
            <node name="jnt_spring_end" id="jnt_spring_end" sid="jnt_spring_end" type="JOINT">
              <matrix sid="matrix">1.000000 -0.000000 0.000000 0.000000 0.000000 1.000000 -0.000000 0.257214 -0.000000 0.000000 1.000000 0.000000 0.000000 0.000000 0.000000 1.000000</matrix>
              <extra>
                <technique profile="FCOLLADA">
                  <visibility>1.000000</visibility>
                </technique>
              </extra>
            </node>
          </node>
          <node name="jnt_drill" id="jnt_drill" sid="jnt_drill" type="JOINT">
            <matrix sid="matrix">1.000000 -0.000000 0.000000 -0.000000 0.000000 -0.000001 -1.000000 0.514425 0.000000 1.000000 -0.000001 -0.329023 0.000000 0.000000 0.000000 1.000000</matrix>
            <extra>
              <technique profile="FCOLLADA">
                <visibility>1.000000</visibility>
              </technique>
            </extra>
            <node name="pejnt_barrel" id="pejnt_barrel" sid="pejnt_barrel" type="JOINT">
              <matrix sid="matrix">1.000000 0.000000 0.000000 0.000000 -0.000000 -0.000001 1.000000 1.357876 0.000000 -1.000000 -0.000001 0.514425 0.000000 0.000000 0.000000 1.000000</matrix>
              <extra>
                <technique profile="FCOLLADA">
                  <visibility>1.000000</visibility>
                </technique>
              </extra>
              <node name="pejnt_barrel_end" id="pejnt_barrel_end" sid="pejnt_barrel_end" type="JOINT">
                <matrix sid="matrix">1.000000 -0.000000 0.000000 -0.000000 0.000000 1.000000 0.000000 1.734274 -0.000000 0.000000 1.000000 0.000000 0.000000 0.000000 0.000000 1.000000</matrix>
                <extra>
                  <technique profile="FCOLLADA">
                    <visibility>1.000000</visibility>
                  </technique>
                </extra>
              </node>
            </node>
          </node>
        </node>
     
      <extra>
        <technique profile="MAX3D">
          <frame_rate>30.000000</frame_rate>
        </technique>
        <technique profile="FCOLLADA">
          <start_time>0.000000</start_time>
          <end_time>1.000000</end_time>
        </technique>
      </extra>
    </visual_scene>
  </library_visual_scenes>
  <scene>
    <instance_visual_scene url="#Scene"></instance_visual_scene>
  </scene>
</COLLADA>
